# 00
# 01
-17 0 -33 0 -36 3 -36 24 -33 27 -22 27
-16 27 6 27 9 24 9 3 6 0 -11 0
-23 9 -19 27
-21 18 -17 18 -15 16 -16 9
-14 0 -10 18 -6 18 -4 16 -5 11 -7 9 -12 9
# 02
0 -7 1 7 3 16 7 18 12 16 12 10 8 8 2 8
8 8 11 7 12 3 9 0 5 0 1 3
# 03
# 04
18 0 18 4
# 05
18 0 18 -4
# 06
18 0 14 0
# 07
18 0 22 0
# 08
# 09
# 0a
# 0b
# 0c
# 0d
# 0e
14 0 22 0
# 0f
18 4 18 -4
# 10
22 4 14 -4
18 -5 18 5
14 4 22 -4
23 0 13 0
# 11
16 -5 13 -2 13 2 16 5 20 5 23 2 23 -2 20 -5 16 -5
# 12
0 10 6 18 12 10
6 18 6 0
# 13
6 3 0 9 6 15
0 9 12 9
# 14
0 8 6 0 12 8
6 0 6 18
# 15
6 3 12 9 6 15
0 9 12 9
# 16
0 3 3 0 6 20 13 20
# 17
3 0 4 12
9 0 9 12
0 10 4 12 9 12 12 14
# 18
0 0 6 15 12 0 0 0
# 19
0 -7 2 11
1 2 6 0 10 2 11 11
10 2 13 0
# 1a
6 16 4 18 4 21 6 23 9 23 11 21 11 18 9 16 6 16
# 1b
0 0 4 0 1 7 1 12 4 16 9 16 12 12 12 7 9 0 13 0
# 1c
0 -7 3 9 7 12 11 11 13 8 13 4 10 0 5 0 2 3
# 1d
0 0 4 0
2 0 2 18
0 18 12 18 12 14
# 1e
7 0 2 0 0 4 0 10 2 15 5 18 10 18 12 14 12 8 10 3 7 0
0 9 12 9
# 1f
0 0 6 10
0 17 3 18 9 2 12 0
# 20
# 21
6 0 6 0
6 5 6 18
# 22
3 14 4 18
7 14 8 18
# 23
2 0 4 18
8 0 10 18
0 13 12 13
0 5 12 5
# 24
0 3 3 1 9 1 12 3 12 7 9 9 3 9 0 11 0 15 3 17 9 17 12 15
6 19 6 -1
# 25
0 0 12 18
6 14 3 10 0 14 3 18 6 14
9 8 12 4 9 0 6 4 9 8
# 26
12 5 8 0 2 0 0 4 9 14 7 18 3 18 1 14 12 0
# 27
5 14 7 18 7 18
# 28
12 -2 6 4 6 14 12 20
# 29
0 -2 6 4 6 14 0 20
# 2a
3 2 9 16
3 16 9 2
0 9 12 9
# 2b
6 2 6 16
0 9 12 9
# 2c
4 -4 6 1 6 1
# 2d
0 9 12 9
# 2e
6 0 6 0 6 0
# 2f
0 0 12 18
# 30
1 2 11 16
12 12 12 6 9 0 3 0 0 6 0 12 3 18 9 18 12 12
# 31
3 0 9 0
6 0 6 18 3 15
# 32
0 15 3 18 9 18 12 15 12 11 2 5 0 0 12 0
# 33
0 16 3 18 9 18 12 15 12 11 9 9 3 9
9 9 12 7 12 3 9 0 3 0 0 2
# 34
9 0 9 18 0 6 12 6
# 35
0 2 3 0 9 0 12 2 12 8 9 10 3 10 0 9 2 18 12 18
# 36
0 7 3 10 9 10 12 7 12 3 9 0 3 0 0 3 0 10 3 15 7 18
# 37
0 18 12 18 4 0
# 38
3 10 0 13 0 16 3 19 9 19 12 16 12 13 9 10 3 10 0 7 0 3 3 0 9 0 12 3 12 7 9 10
# 39
5 0 9 3 12 8 12 15 9 18 3 18 0 15 0 11 3 8 9 8 12 11
# 3a
6 4 6 4
6 14 6 14
# 3b
5 -4 7 0 7 0
7 10 7 10
# 3c
12 0 0 9 12 18
# 3d
0 4 12 4
0 14 12 14
# 3e
0 0 12 9 0 18
# 3f
0 15 3 18 9 18 12 15 12 11 6 7 6 4
6 0 6 0
# 40
12 2 10 0 3 0 0 3 0 15 3 18 9 18 12 15 12 6 5 6 5 13 12 13
# 41
0 0 6 18 12 0
3 9 9 9
# 42
0 0 0 18 9 18 12 15 12 12 9 9 0 9
9 9 12 6 12 3 9 0 0 0
# 43
12 3 9 0 3 0 0 3 0 15 3 18 9 18 12 15
# 44
0 0 0 18 9 18 12 15 12 3 9 0 0 0
# 45
0 0 0 18 12 18
0 9 9 9
0 0 12 0
# 46
0 0 0 18 12 18
0 9 9 9
# 47
12 15 9 18 3 18 0 15 0 3 3 0 9 0 12 3 12 8 5 8
# 48
0 0 0 18
12 0 12 18
0 9 12 9
# 49
2 0 10 0
6 0 6 18
2 18 10 18
# 4a
0 2 3 0 5 0 8 2 8 18
4 18 12 18
# 4b
0 0 0 18
12 18 0 6
3 9 12 0
# 4c
0 0 0 18
0 0 12 0
# 4d
0 0 0 18 6 5 12 18 12 0
# 4e
0 0 0 18 12 0 12 18
# 4f
3 0 0 3 0 15 3 18 9 18 12 15 12 3 9 0 3 0
# 50
0 0 0 18 9 18 12 15 12 11 9 8 0 8
# 51
3 0 0 3 0 15 3 18 9 18 12 15 12 3 9 0 3 0
7 5 14 -2
# 52
0 0 0 18 9 18 12 15 12 11 9 8 0 8
7 8 12 0
# 53
0 2 3 0 9 0 12 3 12 6 9 9 3 9 0 12 0 15 3 18 9 18 12 16
# 54
6 0 6 18
0 18 12 18
# 55
0 18 0 3 3 0 9 0 12 3 12 18
# 56
0 18 6 0 12 18
# 57
0 18 3 0 6 14 9 0 12 18
# 58
0 0 12 18
0 18 12 0
# 59
6 0 6 7 0 18
6 7 12 18
# 5a
0 0 12 18 0 18
12 0 0 0
# 5b
12 20 6 20 6 -2 12 -2
# 5c
0 18 12 0
# 5d
0 -2 6 -2 6 20 0 20
# 5e
0 7 6 16 12 7
# 5f
0 -5 18 -5
# 60
5 18 5 18 7 14
# 61
0 10 5 12 11 10 11 2 8 0 4 0 0 2 0 5 11 6
11 2 13 0
# 62
0 0 0 18
0 9 6 11 12 9 12 2 6 0 0 2
# 63
11 9 6 11 0 9 0 2 6 0 11 2
# 64
12 2 6 0 0 2 0 9 6 11 12 9
12 18 12 0
# 65
0 6 12 7 9 12 3 12 0 9 0 2 3 0 9 0 12 2
# 66
4 0 4 16 8 18 12 16
0 9 8 9
# 67
11 2 6 0 0 2 0 9 6 11 11 9
11 11 11 -5 6 -7 0 -5
# 68
0 0 0 18
0 9 6 11 12 9 12 0
# 69
7 0 7 11 4 11
7 18 7 18
# 6a
0 -5 4 -7 8 -5 8 11
8 18 8 18
# 6b
0 0 0 18
0 5 12 11
4 7 12 0
# 6c
3 0 9 0
6 0 6 18 3 18
# 6d
0 0 0 12
0 9 4 12 6 9 6 0
6 9 10 12 12 9 12 0
# 6e
0 0 0 11
0 8 6 11 12 8 12 0
# 6f
6 0 0 2 0 9 6 11 12 9 12 2 6 0
# 70
0 -7 0 11
0 9 6 11 12 9 12 2 6 0 0 2
# 71
11 2 6 0 0 2 0 9 6 11 11 9
11 11 11 -6 13 -8
# 72
0 0 0 11
0 8 6 11 12 8
# 73
0 2 6 0 12 2 12 5 0 7 0 10 6 12 12 10
# 74
12 2 8 0 4 2 4 18
0 11 8 11
# 75
0 11 0 2 6 0 12 2 12 11
# 76
0 11 6 0 12 11
# 77
0 11 3 0 6 8 9 0 12 11
# 78
0 0 11 11
0 11 11 0
# 79
0 11 7 1
3 -7 12 11
# 7a
0 11 12 11 0 0 12 0
# 7b
12 -2 7 1 7 6 4 9 7 12 7 17 12 20
# 7c
6 0 6 6
6 12 6 18
# 7d
0 -2 5 1 5 6 8 9 5 12 5 17 0 20
# 7e
-38 0 -38 53 15 53 15 0 -38 0
# 7f
0 0 0 18 12 9 0 0
0 3 4 3 4 15 0 15
0 6 8 6 8 12 0 12
0 9 12 9
# 80
# 81
# 82
18 55 -30 55
18 44 -30 44
18 33 -30 33
18 22 -30 22
18 11 -30 11
# 83
# 84
18 0 18 9
# 85
18 0 18 -9
# 86
18 0 9 0
# 87
18 0 27 0
# 88
# 89
# 8a
# 8b
# 8c
# 8d
# 8e
9 0 27 0
# 8f
18 9 18 -9
# 90
# 91
# 92
-38 0 -38 39 15 39 15 0 -38 0
# 93
# 94
# 95
# 96
# 97
# 98
# 99
# 9a
# 9b
13 -40 13 -1
13 0 13 40 71 40 71 1
71 0 71 -40 13 -40
18 -33 18 0 18 33 66 33 66 0 66 -33 18 -33
18 0 66 0
42 33 42 0 42 -33
44 0 44 -33
46 0 46 -33
48 0 48 -33
50 0 50 -33
52 0 52 -33
54 0 54 -33
56 0 56 -33
58 0 58 -33
60 0 60 -33
62 0 62 -33
64 0 64 -33
# 9c
# 9d
# 9e
-30 -18 -24 -11
-30 -25 -18 -11
-30 -32 -12 -11
-30 -39 -6 -11
-30 -46 0 -11
-30 -53 6 -11
-30 -60 12 -11
-30 -67 18 -11
-30 -74 18 -18
-27 -77 18 -25
-21 -77 18 -32
-15 -77 18 -39
-9 -77 18 -46
-3 -77 18 -53
3 -77 18 -60
9 -77 18 -67
15 -77 18 -74
24 -11 18 -4
30 -11 18 3
36 -11 18 10
42 -11 18 17
48 -11 18 24
54 -11 18 31
60 -11 18 38
66 -11 18 45
66 -4 18 52
66 3 21 55
66 10 27 55
66 17 33 55
66 24 39 55
66 31 45 55
66 38 51 55
66 45 57 55
66 52 63 55
18 44 -30 44
18 33 -30 33
18 22 -30 22
18 11 -30 11
# 9f
# a0
# a1
# a2
# a3
# a4
# a5
# a6
# a7
6 13 6 18
# a8
1 15 10 18
# a9
1 19 11 15
# aa
1 15 6 18 11 15
# ab
3 17 3 17
9 17 9 17
# ac
0 23 3 26 9 23 12 26
# ad
# ae
# af
# b0
# b1
# b2
# b3
# b4
# b5
11 9 5 11 0 9 0 2 5 0 11 2
5 0 5 -4 8 -7 5 -10
# b6
# b7
# b8
12 0 12 13
12 18 12 18
# b9
12 3 6 0 0 3 0 7 6 10 6 14
6 18 6 18
# ba
# bb
3 9 9 9
12 17 8 18 6 15 6 2 3 0 0 0 0 2 3 2 6 0 9 0 12 2
# bc
# bd
# be
13 -29 13 29 71 29 71 -29 13 -29
18 -24 18 24 66 24 66 -24 18 -24
18 0 66 0
42 24 42 -24
44 0 44 -24
46 0 46 -24
48 0 48 -24
50 0 50 -24
52 0 52 -24
54 0 54 -24
56 0 56 -24
58 0 58 -24
60 0 60 -24
62 0 62 -24
64 0 64 -24
# bf
# c0
# c1
# c2
# c3
# c4
# c5
# c6
# c7
# c8
# c9
# ca
# cb
# cc
# cd
# ce
# cf
# d0
# d1
# d2
0 3 0 15 6 18 12 15 12 3 6 0 0 3 12 15
# d3
0 0 4 18 7 18 7 0 12 0
12 9 2 9
7 18 12 18
# d4
# d5
# d6
# d7
0 11 6 11 6 0 0 0 2 5 13 5 13 8 10 11 7 8 7 2 9 0 13 0
# d8
# d9
# da
# db
# dc
# dd
# de
# df
0 -5 18 -5
# e0
# e1
-30 -10 -25 -4
-30 -16 -20 -4
-30 -22 -15 -4
-30 -28 -10 -4
-30 -34 -5 -4
-30 -40 0 -4
-30 -46 5 -4
-30 -52 10 -4
-25 -52 15 -4
-20 -52 18 -7
-15 -52 18 -13
-10 -52 18 -19
-5 -52 18 -25
0 -52 18 -31
5 -52 18 -37
10 -52 18 -43
15 -52 18 -49
23 -4 18 2
28 -4 18 8
33 -4 18 14
38 -4 18 20
43 -4 18 26
48 -4 18 32
53 -4 18 38
58 -4 18 44
63 -4 23 44
66 -1 28 44
66 5 33 44
66 11 38 44
66 17 43 44
66 23 48 44
66 29 53 44
66 35 58 44
66 41 63 44
18 40 -30 40
18 36 -30 36
18 32 -30 32
18 28 -30 28
18 24 -30 24
18 20 -30 20
18 16 -30 16
18 12 -30 12
18 8 -30 8
18 4 -30 4
# e2
# e3
# e4
# e5
# e6
# e7
# e8
# e9
# ea
# eb
# ec
# ed
# ee
# ef
0 0 12 10
12 8 9 10 3 10 0 8 0 2 3 0 9 0 12 2 12 8
# f0
# f1
# f2
# f3
3 23 3 23
9 23 9 23
# f4
# f5
6 23 6 23
# f6
# f7
0 16 3 18 9 16 12 18
# f8
# f9
6 17 6 17
# fa
# fb
-18 23 -12 26 -6 26 0 23 6 23 12 26
# fc
0 0 0 18
0 9 12 9
# fd
-18 16 -12 18 -6 18 0 16 6 16 12 18
# fe
0 16 3 18 9 16 12 18
# ff
